Accuracy: 0.7616661189615511
Kendall: 0.5233322379231022
