Accuracy: 0.7160696680906999
Kendall: 0.43213933618139994
