Accuracy: 0.7335688465330266
Kendall: 0.46713769306605324
