Accuracy: 0.732747288859678
Kendall: 0.4654945777193559
