Accuracy: 0.7657739073282944
Kendall: 0.5315478146565888
