Accuracy: 0.7215741045021361
Kendall: 0.4431482090042721
