Accuracy: 0.7472888596779494
Kendall: 0.4945777193558988
