Accuracy: 0.7152481104173513
Kendall: 0.43049622083470257
