Accuracy: 0.7172198488333881
Kendall: 0.4344396976667762
