Accuracy: 0.7476174827472889
Kendall: 0.49523496549457774
