Accuracy: 0.7502464673020046
Kendall: 0.5004929346040092
