Accuracy: 0.6579855405849491
Kendall: 0.31597108116989814
