Accuracy: 0.7509037134406835
Kendall: 0.501807426881367
