Accuracy: 0.7168090699967138
Kendall: 0.4336181399934275
