Accuracy: 0.7599408478475189
Kendall: 0.5198816956950378
