Accuracy: 0.7199309891554387
Kendall: 0.4398619783108774
