Accuracy: 0.7315971081169899
Kendall: 0.4631942162339796
