Accuracy: 0.7546828787380874
Kendall: 0.5093657574761749
