Accuracy: 0.7156588892540257
Kendall: 0.43131777850805125
