Accuracy: 0.7353762734143937
Kendall: 0.47075254682878737
