Accuracy: 0.7182057180414065
Kendall: 0.436411436082813
