Accuracy: 0.7421952021031877
Kendall: 0.4843904042063753
