Accuracy: 0.7401413079198159
Kendall: 0.48028261583963194
