Accuracy: 0.7412093328951692
Kendall: 0.4824186657903385
