Accuracy: 0.7592836017088399
Kendall: 0.5185672034176799
