Accuracy: 0.733979625369701
Kendall: 0.4679592507394019
