Accuracy: 0.7417022674991784
Kendall: 0.4834045349983569
