Accuracy: 0.7611731843575419
Kendall: 0.5223463687150838
