Accuracy: 0.7569832402234636
Kendall: 0.5139664804469274
