Accuracy: 0.7288859677949392
Kendall: 0.4577719355898784
