Accuracy: 0.7542720999014131
Kendall: 0.5085441998028262
