Accuracy: 0.7212454814327965
Kendall: 0.44249096286559314
