Accuracy: 0.7293789023989484
Kendall: 0.4587578047978968
