Accuracy: 0.7447420308905686
Kendall: 0.489484061781137
