Accuracy: 0.7251068024975353
Kendall: 0.4502136049950706
