Accuracy: 0.7217384160368058
Kendall: 0.44347683207361155
