Accuracy: 0.735787052251068
Kendall: 0.47157410450213605
