Accuracy: 0.7665954650016431
Kendall: 0.5331909300032862
