Accuracy: 0.7153302661846862
Kendall: 0.43066053236937235
