Accuracy: 0.7645415708182715
Kendall: 0.5290831416365429
