Accuracy: 0.7587085113374958
Kendall: 0.5174170226749918
