Accuracy: 0.7391554387117976
Kendall: 0.4783108774235951
