Accuracy: 0.7260105159382189
Kendall: 0.4520210318764377
