Accuracy: 0.7198488333881038
Kendall: 0.4396976667762077
