Accuracy: 0.7347190272757148
Kendall: 0.4694380545514295
