Accuracy: 0.754929346040092
Kendall: 0.5098586920801841
