Accuracy: 0.7601051593821886
Kendall: 0.5202103187643773
