Accuracy: 0.7294610581662833
Kendall: 0.4589221163325665
