Accuracy: 0.7221491948734802
Kendall: 0.44429838974696023
