Accuracy: 0.7530397633913901
Kendall: 0.5060795267827801
