Accuracy: 0.7634735458429182
Kendall: 0.5269470916858363
