Accuracy: 0.7333223792310221
Kendall: 0.46664475846204406
