Accuracy: 0.7157410450213605
Kendall: 0.431482090042721
