Accuracy: 0.7354584291817285
Kendall: 0.4709168583634571
