Accuracy: 0.7306933946763062
Kendall: 0.46138678935261257
