Accuracy: 0.7279822543542557
Kendall: 0.45596450870851135
