Accuracy: 0.743181071311206
Kendall: 0.4863621426224121
