Accuracy: 0.7174663161353927
Kendall: 0.43493263227078544
