Accuracy: 0.7647058823529411
Kendall: 0.5294117647058824
