Accuracy: 0.755586592178771
Kendall: 0.5111731843575419
