Accuracy: 0.7171376930660532
Kendall: 0.4342753861321065
