Accuracy: 0.7177949392047321
Kendall: 0.43558987840946434
