Accuracy: 0.7247781794281959
Kendall: 0.4495563588563917
