Accuracy: 0.7348011830430496
Kendall: 0.46960236608609923
