Accuracy: 0.7155767334866908
Kendall: 0.4311534669733815
