Accuracy: 0.7597765363128491
Kendall: 0.5195530726256983
