Accuracy: 0.717302004600723
Kendall: 0.43460400920144593
