Accuracy: 0.7366086099244167
Kendall: 0.4732172198488334
