Accuracy: 0.7249424909628656
Kendall: 0.4498849819257312
