Accuracy: 0.7430989155438712
Kendall: 0.48619783108774234
