Accuracy: 0.7250246467302005
Kendall: 0.4500492934604009
