Accuracy: 0.7220670391061452
Kendall: 0.4441340782122905
