Accuracy: 0.7154945777193559
Kendall: 0.4309891554387118
