Accuracy: 0.7223956621754847
Kendall: 0.44479132435096946
