Accuracy: 0.7332402234636871
Kendall: 0.4664804469273743
