Accuracy: 0.7473710154452843
Kendall: 0.4947420308905685
