Accuracy: 0.7506572461386789
Kendall: 0.5013144922773579
