Accuracy: 0.7619947420308906
Kendall: 0.5239894840617811
