Accuracy: 0.7352119618797239
Kendall: 0.4704239237594479
