Accuracy: 0.7393197502464673
Kendall: 0.4786395004929346
