Accuracy: 0.7301183043049622
Kendall: 0.46023660860992444
