Accuracy: 0.7470423923759448
Kendall: 0.4940847847518896
