Accuracy: 0.7224778179428196
Kendall: 0.4449556358856392
