Accuracy: 0.7288038120276044
Kendall: 0.45760762405520866
