Accuracy: 0.7388268156424581
Kendall: 0.4776536312849162
