Accuracy: 0.7274071639829116
Kendall: 0.4548143279658232
