Accuracy: 0.7306112389089714
Kendall: 0.46122247781794284
