Accuracy: 0.7565724613867894
Kendall: 0.5131449227735787
