Accuracy: 0.7191094314820901
Kendall: 0.4382188629641801
