Accuracy: 0.7559152152481105
Kendall: 0.5118304304962208
