Accuracy: 0.7170555372987184
Kendall: 0.43411107459743675
