Accuracy: 0.7359513637857378
Kendall: 0.4719027275714755
