Accuracy: 0.7365264541570818
Kendall: 0.47305290831416363
