Accuracy: 0.7267499178442327
Kendall: 0.4534998356884653
