Accuracy: 0.7244495563588564
Kendall: 0.44889911271771277
