Accuracy: 0.7343082484390404
Kendall: 0.4686164968780808
