Accuracy: 0.7181235622740716
Kendall: 0.4362471245481433
