Accuracy: 0.7650345054222807
Kendall: 0.5300690108445613
