Accuracy: 0.7663489976996385
Kendall: 0.532697995399277
