Accuracy: 0.7380874137364443
Kendall: 0.4761748274728886
