Accuracy: 0.7273250082155768
Kendall: 0.4546500164311535
