Accuracy: 0.7398948406178114
Kendall: 0.47978968123562277
