Accuracy: 0.7399769963851462
Kendall: 0.4799539927702925
