Accuracy: 0.7321721984883339
Kendall: 0.46434439697666774
