Accuracy: 0.729050279329609
Kendall: 0.4581005586592179
