Accuracy: 0.7352941176470589
Kendall: 0.47058823529411764
