Accuracy: 0.7248603351955307
Kendall: 0.44972067039106145
