Accuracy: 0.7361978310877424
Kendall: 0.47239566217548473
