Accuracy: 0.7270785409135722
Kendall: 0.45415708182714426
