Accuracy: 0.7349654945777193
Kendall: 0.46993098915543874
