Accuracy: 0.7173841603680579
Kendall: 0.43476832073611565
