Accuracy: 0.7350476503450543
Kendall: 0.47009530069010846
