Accuracy: 0.7228885967794939
Kendall: 0.4457771935589878
