Accuracy: 0.7558330594807755
Kendall: 0.5116661189615511
