Accuracy: 0.7458100558659218
Kendall: 0.49162011173184356
