Accuracy: 0.7361156753204074
Kendall: 0.472231350640815
