Accuracy: 0.7287216562602695
Kendall: 0.45744331252053894
