Accuracy: 0.7159053565560303
Kendall: 0.4318107131120605
