Accuracy: 0.6390576697580216
Kendall: 0.27811533951604306
