Accuracy: 0.6335145506875599
Kendall: 0.2670291013751199
