Accuracy: 0.6326617631382582
Kendall: 0.26532352627651634
