Accuracy: 0.6356465195608144
Kendall: 0.27129303912162883
