Accuracy: 0.6366059055537789
Kendall: 0.2732118111075578
