Accuracy: 0.6324485662509327
Kendall: 0.2648971325018655
