Accuracy: 0.6363927086664535
Kendall: 0.27278541733290695
