Accuracy: 0.6331947553565718
Kendall: 0.2663895107131436
