Accuracy: 0.660377358490566
Kendall: 0.32075471698113206
