Accuracy: 0.6345805351241872
Kendall: 0.2691610702483744
