Accuracy: 0.632768361581921
Kendall: 0.2655367231638418
