Accuracy: 0.6329815584692463
Kendall: 0.26596311693849267
