Accuracy: 0.6347937320115127
Kendall: 0.26958746402302525
