Accuracy: 0.6351135273425008
Kendall: 0.2702270546850016
