Accuracy: 0.6355399211171517
Kendall: 0.27107984223430337
