Accuracy: 0.6341541413495363
Kendall: 0.2683082826990726
