Accuracy: 0.6353267242298263
Kendall: 0.2706534484596525
