Accuracy: 0.6376718899904061
Kendall: 0.2753437799808123
