Accuracy: 0.6399104573073233
Kendall: 0.27982091461464664
