Accuracy: 0.6378850868777316
Kendall: 0.27577017375546314
