Accuracy: 0.640017055750986
Kendall: 0.28003411150197205
