Accuracy: 0.6401236541946488
Kendall: 0.2802473083892975
