Accuracy: 0.63234196780727
Kendall: 0.26468393561454
