Accuracy: 0.6333013538002346
Kendall: 0.26660270760046906
