Accuracy: 0.6338343460185482
Kendall: 0.26766869203709626
