Accuracy: 0.6334079522438972
Kendall: 0.26681590448779446
