Accuracy: 0.6222106901920083
Kendall: 0.24442138038401662
