Accuracy: 0.6229891022314479
Kendall: 0.2459782044628957
