Accuracy: 0.6223404255319149
Kendall: 0.24468085106382978
