Accuracy: 0.6227296315516346
Kendall: 0.24545926310326932
