Accuracy: 0.6228593668915413
Kendall: 0.2457187337830825
