Accuracy: 0.6225998962117281
Kendall: 0.24519979242345616
