Accuracy: 0.623248572911261
Kendall: 0.24649714582252205
