Accuracy: 0.6220809548521017
Kendall: 0.24416190970420343
