Accuracy: 0.6219512195121951
Kendall: 0.24390243902439024
