Accuracy: 0.6218214841722886
Kendall: 0.24364296834457708
