Accuracy: 0.6224701608718215
Kendall: 0.24494032174364297
