Accuracy: 0.6244161909704203
Kendall: 0.24883238194084067
