Accuracy: 0.7019425730917653
Kendall: 0.40388514618353066
