Accuracy: 0.7097259467591078
Kendall: 0.4194518935182157
