Accuracy: 0.728039767152855
Kendall: 0.45607953430570997
