Accuracy: 0.7024658251030153
Kendall: 0.4049316502060305
