Accuracy: 0.7179671659362941
Kendall: 0.4359343318725881
