Accuracy: 0.7197985479756688
Kendall: 0.43959709595133756
