Accuracy: 0.7137811498462947
Kendall: 0.42756229969258946
