Accuracy: 0.7532866766956635
Kendall: 0.5065733533913271
