Accuracy: 0.6997841585453594
Kendall: 0.3995683170907188
