Accuracy: 0.7169206619137942
Kendall: 0.43384132382758844
