Accuracy: 0.7191444829616064
Kendall: 0.43828896592321276
