Accuracy: 0.7293478971809798
Kendall: 0.45869579436195956
