Accuracy: 0.7235921250572307
Kendall: 0.4471842501144614
