Accuracy: 0.7241153770684806
Kendall: 0.44823075413696123
