Accuracy: 0.69612139446661
Kendall: 0.39224278893321995
