Accuracy: 0.7539407417097259
Kendall: 0.5078814834194519
