Accuracy: 0.7555104977434757
Kendall: 0.5110209954869515
