Accuracy: 0.6945516384328603
Kendall: 0.38910327686572044
