Accuracy: 0.7010922885734842
Kendall: 0.4021845771469684
