Accuracy: 0.7158741578912944
Kendall: 0.43174831578258877
