Accuracy: 0.7185558244489503
Kendall: 0.43711164889790044
