Accuracy: 0.7343841977892602
Kendall: 0.4687683955785205
