Accuracy: 0.7456341160311335
Kendall: 0.491268232062267
