Accuracy: 0.7187520439531689
Kendall: 0.4375040879063379
