Accuracy: 0.747138465563477
Kendall: 0.49427693112695403
