Accuracy: 0.7223494015305121
Kendall: 0.4446988030610243
