Accuracy: 0.7144352148603571
Kendall: 0.42887042972071426
