Accuracy: 0.7066518411930146
Kendall: 0.41330368238602916
