Accuracy: 0.732422002747073
Kendall: 0.4648440054941461
