Accuracy: 0.7001111910523906
Kendall: 0.4002223821047812
