Accuracy: 0.7194715154686376
Kendall: 0.43894303093727516
