Accuracy: 0.7058015566747334
Kendall: 0.4116031133494669
