Accuracy: 0.7080907842239519
Kendall: 0.4161815684479037
