Accuracy: 0.7316371247301982
Kendall: 0.46327424946039636
