Accuracy: 0.7145006213617634
Kendall: 0.42900124272352674
