Accuracy: 0.7096605402577016
Kendall: 0.41932108051540323
