Accuracy: 0.7057361501733272
Kendall: 0.41147230034665444
