Accuracy: 0.6993917195369219
Kendall: 0.39878343907384395
