Accuracy: 0.7113611092942639
Kendall: 0.4227222185885277
