Accuracy: 0.7126038328209824
Kendall: 0.4252076656419648
