Accuracy: 0.7317679377330106
Kendall: 0.4635358754660213
