Accuracy: 0.7083524102295768
Kendall: 0.41670482045915364
