Accuracy: 0.7233304990516057
Kendall: 0.44666099810321147
