Accuracy: 0.7167898489109817
Kendall: 0.4335796978219635
