Accuracy: 0.7338609457780103
Kendall: 0.4677218915560207
