Accuracy: 0.696383020472235
Kendall: 0.3927660409444699
