Accuracy: 0.7009614755706717
Kendall: 0.40192295114134347
