Accuracy: 0.6990646870298908
Kendall: 0.39812937405978155
