Accuracy: 0.7072404997056707
Kendall: 0.4144809994113415
