Accuracy: 0.7254235070966054
Kendall: 0.4508470141932108
