Accuracy: 0.7604813918503499
Kendall: 0.5209627837006998
