Accuracy: 0.7084832232323893
Kendall: 0.4169664464647786
