Accuracy: 0.7178363529334816
Kendall: 0.43567270586696316
