Accuracy: 0.7428870429720714
Kendall: 0.48577408594414284
