Accuracy: 0.7441951730001962
Kendall: 0.48839034600039244
