Accuracy: 0.7131924913336386
Kendall: 0.42638498266727715
