Accuracy: 0.7058669631761397
Kendall: 0.4117339263522794
