Accuracy: 0.7345150107920727
Kendall: 0.4690300215841455
