Accuracy: 0.7045588331480149
Kendall: 0.4091176662960298
