Accuracy: 0.7179017594348879
Kendall: 0.43580351886977564
