Accuracy: 0.7109032637844201
Kendall: 0.42180652756884035
