Accuracy: 0.7421675714566028
Kendall: 0.48433514291320556
