Accuracy: 0.7139119628491072
Kendall: 0.4278239256982144
