Accuracy: 0.7551834652364445
Kendall: 0.5103669304728891
