Accuracy: 0.6955981424553601
Kendall: 0.3911962849107201
