Accuracy: 0.7398783439073844
Kendall: 0.47975668781476877
