Accuracy: 0.6963176139708287
Kendall: 0.3926352279416574
