Accuracy: 0.7390934658905095
Kendall: 0.478186931781019
