Accuracy: 0.7266662306233239
Kendall: 0.45333246124664794
