Accuracy: 0.7365426123356662
Kendall: 0.47308522467133235
