Accuracy: 0.7064556216887958
Kendall: 0.4129112433775917
