Accuracy: 0.7428216364706652
Kendall: 0.48564327294133036
