Accuracy: 0.7565570017659755
Kendall: 0.513114003531951
