Accuracy: 0.6962522074694225
Kendall: 0.3925044149388449
