Accuracy: 0.7443913925044149
Kendall: 0.4887827850088299
