Accuracy: 0.701026882072078
Kendall: 0.40205376414415595
