Accuracy: 0.7427562299692589
Kendall: 0.4855124599385179
