Accuracy: 0.7151546863758258
Kendall: 0.4303093727516515
