Accuracy: 0.7027274511086402
Kendall: 0.4054549022172804
