Accuracy: 0.7243770030741056
Kendall: 0.44875400614821115
