Accuracy: 0.7237883445614494
Kendall: 0.44757668912289883
