Accuracy: 0.698606841520047
Kendall: 0.3972136830400942
