Accuracy: 0.7545294002223821
Kendall: 0.5090588004447643
