Accuracy: 0.7472692785662894
Kendall: 0.494538557132579
