Accuracy: 0.6949440774412977
Kendall: 0.3898881548825953
