Accuracy: 0.7581921643011316
Kendall: 0.516384328602263
