Accuracy: 0.7174439139250441
Kendall: 0.4348878278500883
