Accuracy: 0.6999149715481718
Kendall: 0.3998299430963438
