Accuracy: 0.7242461900712931
Kendall: 0.4484923801425862
