Accuracy: 0.7182941984433253
Kendall: 0.4365883968866505
