Accuracy: 0.7271240761331677
Kendall: 0.45424815226633525
