Accuracy: 0.6946170449342665
Kendall: 0.3892340898685329
