Accuracy: 0.7304598077048858
Kendall: 0.4609196154097717
