Accuracy: 0.7152854993786383
Kendall: 0.43057099875727645
