Accuracy: 0.7576689122898816
Kendall: 0.5153378245797632
