Accuracy: 0.6999803780495781
Kendall: 0.39996075609915627
