Accuracy: 0.7475309045719144
Kendall: 0.4950618091438289
