Accuracy: 0.7354307018117601
Kendall: 0.4708614036235202
