Accuracy: 0.7186866374517628
Kendall: 0.4373732749035254
