Accuracy: 0.6957289554581726
Kendall: 0.3914579109163451
