Accuracy: 0.7008960690692655
Kendall: 0.401792138138531
