Accuracy: 0.7046896461508274
Kendall: 0.40937929230165476
