Accuracy: 0.6433383478317745
Kendall: 0.286676695663549
