Accuracy: 0.717116881418013
Kendall: 0.4342337628360259
