Accuracy: 0.7604159853489437
Kendall: 0.5208319706978873
