Accuracy: 0.7163320034011381
Kendall: 0.4326640068022761
