Accuracy: 0.7170514749166067
Kendall: 0.4341029498332134
