Accuracy: 0.6957943619595788
Kendall: 0.39158872391915756
