Accuracy: 0.7067826541958271
Kendall: 0.4135653083916541
