Accuracy: 0.7327490352541043
Kendall: 0.4654980705082085
