Accuracy: 0.6998495650467657
Kendall: 0.3996991300935313
