Accuracy: 0.7331414742625417
Kendall: 0.4662829485250834
