Accuracy: 0.6997187520439532
Kendall: 0.39943750408790635
