Accuracy: 0.7409248479298842
Kendall: 0.48184969585976845
