Accuracy: 0.7467460265550395
Kendall: 0.49349205311007915
