Accuracy: 0.6985414350186409
Kendall: 0.3970828700372817
