Accuracy: 0.6961868009680162
Kendall: 0.39237360193603243
