Accuracy: 0.7468114330564458
Kendall: 0.49362286611289163
