Accuracy: 0.6984760285172346
Kendall: 0.39695205703446923
