Accuracy: 0.7095297272548892
Kendall: 0.4190594545097783
