Accuracy: 0.6984106220158284
Kendall: 0.39682124403165675
