Accuracy: 0.7239191575642618
Kendall: 0.4478383151285238
