Accuracy: 0.7035123291255151
Kendall: 0.4070246582510301
