Accuracy: 0.7071750932042645
Kendall: 0.414350186408529
