Accuracy: 0.7305906207076983
Kendall: 0.4611812414153967
