Accuracy: 0.7585191968081627
Kendall: 0.5170383936163254
