Accuracy: 0.7093928386092372
Kendall: 0.4187856772184743
