Accuracy: 0.7341879782850416
Kendall: 0.4683759565700831
