Accuracy: 0.7342533847864477
Kendall: 0.46850676957289555
