Accuracy: 0.7123422068153574
Kendall: 0.4246844136307149
