Accuracy: 0.6994571260383282
Kendall: 0.39891425207665643
