Accuracy: 0.7162665968997318
Kendall: 0.43253319379946364
