Accuracy: 0.7600235463405063
Kendall: 0.5200470926810125
