Accuracy: 0.7014193210805154
Kendall: 0.4028386421610308
