Accuracy: 0.7192098894630127
Kendall: 0.43841977892602524
