Accuracy: 0.7038393616325462
Kendall: 0.4076787232650925
