Accuracy: 0.7176401334292629
Kendall: 0.4352802668585257
