Accuracy: 0.7003728170580156
Kendall: 0.40074563411603115
