Accuracy: 0.7053437111648898
Kendall: 0.41068742232977956
