Accuracy: 0.6954019229511413
Kendall: 0.3908038459022827
