Accuracy: 0.7086140362352018
Kendall: 0.41722807247040355
