Accuracy: 0.7023350121002028
Kendall: 0.40467002420040554
