Accuracy: 0.742232977958009
Kendall: 0.48446595591601804
