Accuracy: 0.7004382235594218
Kendall: 0.4008764471188436
