Accuracy: 0.7591732618222251
Kendall: 0.5183465236444502
