Accuracy: 0.7274511086401988
Kendall: 0.45490221728039765
