Accuracy: 0.732683628752698
Kendall: 0.46536725750539604
