Accuracy: 0.716855255412388
Kendall: 0.43371051082477596
