Accuracy: 0.7452416770226961
Kendall: 0.4904833540453921
