Accuracy: 0.7147622473673884
Kendall: 0.42952449473477666
