Accuracy: 0.7276473281444176
Kendall: 0.4552946562888351
