Accuracy: 0.7372620838511348
Kendall: 0.47452416770226963
