Accuracy: 0.7264700111191053
Kendall: 0.4529400222382105
