Accuracy: 0.7278435476486362
Kendall: 0.4556870952972725
