Accuracy: 0.7002420040552031
Kendall: 0.4004840081104062
