Accuracy: 0.7207796454967624
Kendall: 0.44155929099352476
