Accuracy: 0.7584537903067565
Kendall: 0.5169075806135129
