Accuracy: 0.7275819216430113
Kendall: 0.4551638432860226
