Accuracy: 0.7279089541500425
Kendall: 0.455817908300085
