Accuracy: 0.7154817188828569
Kendall: 0.4309634377657139
