Accuracy: 0.6991955000327033
Kendall: 0.3983910000654065
