Accuracy: 0.7065864346916083
Kendall: 0.4131728693832167
