Accuracy: 0.723134279547387
Kendall: 0.44626855909477403
