Accuracy: 0.7097913532605141
Kendall: 0.4195827065210282
