Accuracy: 0.7271894826345738
Kendall: 0.4543789652691477
