Accuracy: 0.7017463535875466
Kendall: 0.4034927071750932
