Accuracy: 0.6995879390411407
Kendall: 0.3991758780822814
