Accuracy: 0.7406632219242593
Kendall: 0.4813264438485185
