Accuracy: 0.7234613120544182
Kendall: 0.44692262410883643
