Accuracy: 0.7081561907253581
Kendall: 0.4163123814507162
