Accuracy: 0.7578651317941003
Kendall: 0.5157302635882006
