Accuracy: 0.7511282621492577
Kendall: 0.5022565242985153
