Accuracy: 0.756426188763163
Kendall: 0.5128523775263261
