Accuracy: 0.708417816730983
Kendall: 0.4168356334619661
