Accuracy: 0.7279743606514487
Kendall: 0.4559487213028975
