Accuracy: 0.7012885080777029
Kendall: 0.40257701615540586
