Accuracy: 0.7231996860487933
Kendall: 0.4463993720975865
