Accuracy: 0.7238537510628557
Kendall: 0.4477075021257113
