Accuracy: 0.7449800510170711
Kendall: 0.4899601020341422
