Accuracy: 0.6982798090130159
Kendall: 0.3965596180260318
