Accuracy: 0.7450454575184773
Kendall: 0.4900909150369547
