Accuracy: 0.7000457845509843
Kendall: 0.40009156910196875
