Accuracy: 0.7307214337105108
Kendall: 0.46144286742102164
