Accuracy: 0.7041663941395775
Kendall: 0.4083327882791549
