Accuracy: 0.7592386683236314
Kendall: 0.5184773366472627
