Accuracy: 0.700503630060828
Kendall: 0.4010072601216561
