Accuracy: 0.7205834259925437
Kendall: 0.4411668519850873
