Accuracy: 0.7085486297337955
Kendall: 0.4170972594675911
