Accuracy: 0.7099221662633266
Kendall: 0.41984433252665315
