Accuracy: 0.7525017986787886
Kendall: 0.5050035973575774
