Accuracy: 0.6951402969455164
Kendall: 0.39028059389103276
