Accuracy: 0.6995225325397344
Kendall: 0.3990450650794689
