Accuracy: 0.755575904244882
Kendall: 0.5111518084897639
