Accuracy: 0.7056053371705148
Kendall: 0.4112106743410295
