Accuracy: 0.7405324089214468
Kendall: 0.48106481784289357
