Accuracy: 0.7114265157956701
Kendall: 0.4228530315913402
