Accuracy: 0.7050820851592648
Kendall: 0.41016417031852964
