Accuracy: 0.7270586696317614
Kendall: 0.45411733926352277
