Accuracy: 0.7243115965726993
Kendall: 0.44862319314539867
