Accuracy: 0.7313754987245732
Kendall: 0.46275099744914644
