Accuracy: 0.7207142389953561
Kendall: 0.4414284779907123
