Accuracy: 0.7189482634573877
Kendall: 0.4378965269147753
