Accuracy: 0.7029236706128589
Kendall: 0.40584734122571786
