Accuracy: 0.7228072470403558
Kendall: 0.44561449408071163
