Accuracy: 0.7188174504545752
Kendall: 0.43763490090915036
