Accuracy: 0.7159395643927007
Kendall: 0.43187912878540125
