Accuracy: 0.6978873700045785
Kendall: 0.3957747400091569
