Accuracy: 0.7518477336647262
Kendall: 0.5036954673294526
