Accuracy: 0.6950748904441102
Kendall: 0.3901497808882203
