Accuracy: 0.7350382628033226
Kendall: 0.4700765256066453
