Accuracy: 0.7364772058342599
Kendall: 0.47295441166851987
