Accuracy: 0.6947478579370789
Kendall: 0.3894957158741579
