Accuracy: 0.75230557917457
Kendall: 0.5046111583491399
