Accuracy: 0.7068480606972333
Kendall: 0.4136961213944666
