Accuracy: 0.7583883838053502
Kendall: 0.5167767676107005
