Accuracy: 0.7165936294067631
Kendall: 0.43318725881352604
