Accuracy: 0.7141735888547321
Kendall: 0.42834717770946434
