Accuracy: 0.7233959055530119
Kendall: 0.44679181110602395
