Accuracy: 0.7283667996598862
Kendall: 0.45673359931977237
