Accuracy: 0.713584930342076
Kendall: 0.427169860684152
