Accuracy: 0.7129962718294198
Kendall: 0.4259925436588397
