Accuracy: 0.7587154163123815
Kendall: 0.5174308326247629
