Accuracy: 0.7404670024200406
Kendall: 0.4809340048400811
