Accuracy: 0.6980181830073909
Kendall: 0.39603636601478187
