Accuracy: 0.7244424095755118
Kendall: 0.44888481915102363
