Accuracy: 0.6952711099483289
Kendall: 0.3905422198966577
