Accuracy: 0.7598273268362875
Kendall: 0.519654653672575
