Accuracy: 0.7353652953103539
Kendall: 0.4707305906207077
