Accuracy: 0.7092026947478579
Kendall: 0.4184053894957159
