Accuracy: 0.7175093204264504
Kendall: 0.43501864085290076
