Accuracy: 0.7429524494734777
Kendall: 0.4859048989469553
