Accuracy: 0.7541369612139447
Kendall: 0.5082739224278894
