Accuracy: 0.7290862711753548
Kendall: 0.45817254235070964
