Accuracy: 0.697494930996141
Kendall: 0.39498986199228203
