Accuracy: 0.7029890771142652
Kendall: 0.40597815422853034
