Accuracy: 0.7460919615409771
Kendall: 0.49218392308195436
