Accuracy: 0.7169860684152005
Kendall: 0.4339721368304009
