Accuracy: 0.7506050101380077
Kendall: 0.5012100202760155
