Accuracy: 0.736215579828635
Kendall: 0.47243115965726995
