Accuracy: 0.6948132644384852
Kendall: 0.38962652887697036
