Accuracy: 0.72777814114723
Kendall: 0.45555628229446005
