Accuracy: 0.7407286284256656
Kendall: 0.481457256851331
