Accuracy: 0.7301981816992609
Kendall: 0.4603963633985218
