Accuracy: 0.7351690758061351
Kendall: 0.47033815161227027
