Accuracy: 0.6436653803388057
Kendall: 0.2873307606776114
