Accuracy: 0.7082215972267644
Kendall: 0.4164431944535287
