Accuracy: 0.7587808228137877
Kendall: 0.5175616456275753
