Accuracy: 0.7035777356269213
Kendall: 0.4071554712538426
