Accuracy: 0.6980835895087971
Kendall: 0.39616717901759435
