Accuracy: 0.6953365164497352
Kendall: 0.3906730328994702
