Accuracy: 0.7153509058800445
Kendall: 0.4307018117600889
