Accuracy: 0.6948786709398914
Kendall: 0.38975734187978284
