Accuracy: 0.7088756622408268
Kendall: 0.4177513244816535
