Accuracy: 0.7030544836156714
Kendall: 0.4061089672313428
