Accuracy: 0.7487082215972267
Kendall: 0.49741644319445355
