Accuracy: 0.7247040355811367
Kendall: 0.44940807116227355
