Accuracy: 0.7340571652822291
Kendall: 0.4681143305644581
