Accuracy: 0.7088102557394205
Kendall: 0.417620511478841
