Accuracy: 0.7052128981620773
Kendall: 0.4104257963241546
