Accuracy: 0.737850742363791
Kendall: 0.47570148472758195
