Accuracy: 0.7333376937667604
Kendall: 0.46667538753352084
