Accuracy: 0.7127346458237949
Kendall: 0.4254692916475898
