Accuracy: 0.7229380600431683
Kendall: 0.4458761200863366
