Accuracy: 0.7156125318856694
Kendall: 0.43122506377133885
