Accuracy: 0.6981489960102034
Kendall: 0.39629799202040683
