Accuracy: 0.7281051736542612
Kendall: 0.45621034730852245
