Accuracy: 0.7439335469945713
Kendall: 0.4878670939891425
