Accuracy: 0.7166590359081693
Kendall: 0.4333180718163385
