Accuracy: 0.7044934266466086
Kendall: 0.4089868532932173
