Accuracy: 0.7048204591536399
Kendall: 0.4096409183072797
