Accuracy: 0.6080375226521693
Kendall: 0.21607504530433855
