Accuracy: 0.6068649397718794
Kendall: 0.21372987954375866
