Accuracy: 0.607397931990193
Kendall: 0.2147958639803859
