Accuracy: 0.6078243257648438
Kendall: 0.21564865152968768
