Accuracy: 0.6064385459972285
Kendall: 0.21287709199445687
