Accuracy: 0.608144121095832
Kendall: 0.216288242191664
