Accuracy: 0.6077177273211811
Kendall: 0.21543545464236222
