Accuracy: 0.6071847351028675
Kendall: 0.214369470205735
