Accuracy: 0.6260526596311694
Kendall: 0.25210531926233876
