Accuracy: 0.6079309242085066
Kendall: 0.2158618484170131
