Accuracy: 0.6075045304338557
Kendall: 0.21500906086771132
