Accuracy: 0.6076111288775183
Kendall: 0.21522225775503678
