Accuracy: 0.7559029367519131
Kendall: 0.5118058735038262
