Accuracy: 0.7423637909608215
Kendall: 0.484727581921643
