Accuracy: 0.7436719209889463
Kendall: 0.4873438419778926
