Accuracy: 0.7470730590620708
Kendall: 0.49414611812414155
