Accuracy: 0.7514552946562888
Kendall: 0.5029105893125777
