Accuracy: 0.738112368369416
Kendall: 0.47622473673883187
