Accuracy: 0.7580613512983191
Kendall: 0.5161227025966381
