Accuracy: 0.758846229315194
Kendall: 0.5176924586303878
