Accuracy: 0.7593694813264439
Kendall: 0.5187389626528877
