Accuracy: 0.7542023677153509
Kendall: 0.5084047354307019
