Accuracy: 0.735692327817385
Kendall: 0.4713846556347701
