Accuracy: 0.7388318398848845
Kendall: 0.4776636797697691
