Accuracy: 0.7387010268820721
Kendall: 0.47740205376414413
