Accuracy: 0.7507358231408202
Kendall: 0.5014716462816404
