Accuracy: 0.7374583033553536
Kendall: 0.47491660671070707
