Accuracy: 0.7511936686506638
Kendall: 0.5023873373013278
