Accuracy: 0.7360847668258225
Kendall: 0.472169533651645
