Accuracy: 0.7284976126626986
Kendall: 0.4569952253253973
