Accuracy: 0.7447184250114461
Kendall: 0.4894368500228923
