Accuracy: 0.7366734253384787
Kendall: 0.4733468506769573
