Accuracy: 0.7430178559748839
Kendall: 0.4860357119497678
