Accuracy: 0.7435411079861338
Kendall: 0.48708221597226764
