Accuracy: 0.7512590751520701
Kendall: 0.5025181503041403
