Accuracy: 0.7591078553208189
Kendall: 0.5182157106416377
