Accuracy: 0.7425600104650403
Kendall: 0.48512002093008044
