Accuracy: 0.7474654980705082
Kendall: 0.49493099614101643
