Accuracy: 0.756949440774413
Kendall: 0.5138988815488259
