Accuracy: 0.7463535875466021
Kendall: 0.4927071750932043
