Accuracy: 0.7506704166394139
Kendall: 0.501340833278828
