Accuracy: 0.7398129374059782
Kendall: 0.4796258748119563
