Accuracy: 0.7409902544312905
Kendall: 0.4819805088625809
