Accuracy: 0.7432794819805089
Kendall: 0.4865589639610177
