Accuracy: 0.7577997252926941
Kendall: 0.5155994505853881
