Accuracy: 0.7533520831970698
Kendall: 0.5067041663941396
