Accuracy: 0.7397475309045719
Kendall: 0.4794950618091438
