Accuracy: 0.7465498070508209
Kendall: 0.4930996141016417
