Accuracy: 0.7432140754791027
Kendall: 0.48642815095820524
