Accuracy: 0.7462227745437896
Kendall: 0.4924455490875793
