Accuracy: 0.7426908234678528
Kendall: 0.4853816469357054
