Accuracy: 0.738962652887697
Kendall: 0.47792530577539405
