Accuracy: 0.7373274903525411
Kendall: 0.4746549807050821
