Accuracy: 0.7422983844594153
Kendall: 0.4845967689188305
