Accuracy: 0.7509974491464452
Kendall: 0.5019948982928903
