Accuracy: 0.7381777748708221
Kendall: 0.47635554974164435
