Accuracy: 0.7503433841323828
Kendall: 0.5006867682647655
