Accuracy: 0.7510628556478514
Kendall: 0.5021257112957028
