Accuracy: 0.7508666361436327
Kendall: 0.5017332722872654
