Accuracy: 0.7384394008764471
Kendall: 0.4768788017528942
