Accuracy: 0.7369350513441036
Kendall: 0.47387010268820723
