Accuracy: 0.7515207011576951
Kendall: 0.5030414023153902
