Accuracy: 0.7573418797828504
Kendall: 0.5146837595657008
