Accuracy: 0.7357577343187913
Kendall: 0.4715154686375826
