Accuracy: 0.7526326116816011
Kendall: 0.5052652233632023
