Accuracy: 0.7412518804369155
Kendall: 0.48250376087383084
