Accuracy: 0.7470076525606645
Kendall: 0.4940153051213291
