Accuracy: 0.745764929033946
Kendall: 0.49152985806789196
