Accuracy: 0.7496239126169141
Kendall: 0.49924782523382827
