Accuracy: 0.7508012296422264
Kendall: 0.5016024592844529
