Accuracy: 0.7387664333834784
Kendall: 0.4775328667669566
