Accuracy: 0.7391588723919158
Kendall: 0.4783177447838315
