Accuracy: 0.741121067434103
Kendall: 0.4822421348682059
