Accuracy: 0.7509320426450389
Kendall: 0.5018640852900779
