Accuracy: 0.7368696448426973
Kendall: 0.47373928968539475
