Accuracy: 0.7496893191183204
Kendall: 0.49937863823664075
