Accuracy: 0.7396821244031657
Kendall: 0.47936424880633133
