Accuracy: 0.7366080188370724
Kendall: 0.47321603767414483
