Accuracy: 0.7579305382955066
Kendall: 0.5158610765910131
