Accuracy: 0.7364117993328537
Kendall: 0.4728235986657074
