Accuracy: 0.7513898881548826
Kendall: 0.5027797763097652
