Accuracy: 0.7515861076591013
Kendall: 0.5031722153182027
