Accuracy: 0.7438027339917588
Kendall: 0.48760546798351756
