Accuracy: 0.7571456602786317
Kendall: 0.5142913205572633
