Accuracy: 0.758322977303944
Kendall: 0.516645954607888
