Accuracy: 0.7582575708025378
Kendall: 0.5165151416050755
