Accuracy: 0.749035254104258
Kendall: 0.49807050820851595
