Accuracy: 0.7570148472758192
Kendall: 0.5140296945516384
