Accuracy: 0.7367388318398849
Kendall: 0.4734776636797698
