Accuracy: 0.7403361894172281
Kendall: 0.4806723788344561
