Accuracy: 0.7576035057884754
Kendall: 0.5152070115769507
