Accuracy: 0.7494930996141016
Kendall: 0.4989861992282033
