Accuracy: 0.7379161488651972
Kendall: 0.4758322977303944
