Accuracy: 0.7388972463862908
Kendall: 0.47779449277258157
