Accuracy: 0.7404015959186343
Kendall: 0.4808031918372686
