Accuracy: 0.7356269213159788
Kendall: 0.47125384263195763
