Accuracy: 0.7544639937209758
Kendall: 0.5089279874419518
