Accuracy: 0.7502125711295703
Kendall: 0.5004251422591406
