Accuracy: 0.7525672051801949
Kendall: 0.5051344103603899
