Accuracy: 0.739224278893322
Kendall: 0.47844855778664397
