Accuracy: 0.7373928968539473
Kendall: 0.4747857937078946
