Accuracy: 0.7383739943750409
Kendall: 0.47674798875008173
