Accuracy: 0.750147164628164
Kendall: 0.5002943292563281
