Accuracy: 0.7448492380142586
Kendall: 0.48969847602851724
