Accuracy: 0.7589770423180064
Kendall: 0.5179540846360128
