Accuracy: 0.7597619203348813
Kendall: 0.5195238406697625
