Accuracy: 0.750408790633789
Kendall: 0.500817581267578
