Accuracy: 0.7410556609326967
Kendall: 0.4821113218653934
