Accuracy: 0.7446530185100398
Kendall: 0.4893060370200798
