Accuracy: 0.7560991562561319
Kendall: 0.5121983125122637
