Accuracy: 0.7482503760873831
Kendall: 0.4965007521747662
