Accuracy: 0.7371312708483223
Kendall: 0.47426254169664467
