Accuracy: 0.7382431813722284
Kendall: 0.4764863627444568
