Accuracy: 0.7469422460592583
Kendall: 0.4938844921185166
