Accuracy: 0.7579959447969128
Kendall: 0.5159918895938256
