Accuracy: 0.7589116358166001
Kendall: 0.5178232716332003
