Accuracy: 0.746615213552227
Kendall: 0.4932304271044542
