Accuracy: 0.7358885473216038
Kendall: 0.47177709464320755
