Accuracy: 0.7479233435803518
Kendall: 0.4958466871607038
