Accuracy: 0.7307868402119171
Kendall: 0.4615736804238341
