Accuracy: 0.7596311073320688
Kendall: 0.5192622146641376
