Accuracy: 0.7549218392308196
Kendall: 0.5098436784616391
