Accuracy: 0.7481849695859768
Kendall: 0.4963699391719537
