Accuracy: 0.7586500098109752
Kendall: 0.5173000196219504
