Accuracy: 0.7500163516253515
Kendall: 0.5000327032507031
