Accuracy: 0.7575380992870692
Kendall: 0.5150761985741382
