Accuracy: 0.7574072862842567
Kendall: 0.5148145725685133
