Accuracy: 0.7581267577997253
Kendall: 0.5162535155994505
