Accuracy: 0.7368042383412912
Kendall: 0.47360847668258227
