Accuracy: 0.7495585061155079
Kendall: 0.4991170122310158
