Accuracy: 0.7574726927856629
Kendall: 0.5149453855713257
