Accuracy: 0.7377853358623847
Kendall: 0.47557067172476947
