Accuracy: 0.6685852573745831
Kendall: 0.3371705147491661
