Accuracy: 0.7437373274903526
Kendall: 0.4874746549807051
