Accuracy: 0.742494603963634
Kendall: 0.48498920792726796
