Accuracy: 0.73595395382301
Kendall: 0.47190790764602003
