Accuracy: 0.7491660671070705
Kendall: 0.4983321342141409
