Accuracy: 0.7414480999411341
Kendall: 0.4828961998822683
