Accuracy: 0.6909711118217674
Kendall: 0.3819422236435348
