Accuracy: 0.691504104040081
Kendall: 0.383008208080162
