Accuracy: 0.7740010378827192
Kendall: 0.5480020757654385
