Accuracy: 0.77854177477945
Kendall: 0.5570835495588998
