Accuracy: 0.7016087182148417
Kendall: 0.40321743642968344
