Accuracy: 0.7759470679813181
Kendall: 0.5518941359626363
