Accuracy: 0.771536066424494
Kendall: 0.543072132848988
