Accuracy: 0.7724442138038402
Kendall: 0.5448884276076803
