Accuracy: 0.7710171250648676
Kendall: 0.5420342501297354
