Accuracy: 0.7690710949662688
Kendall: 0.5381421899325376
