Accuracy: 0.7760768033212248
Kendall: 0.5521536066424494
