Accuracy: 0.7656979761286975
Kendall: 0.5313959522573949
