Accuracy: 0.775038920601972
Kendall: 0.550077841203944
