Accuracy: 0.7692008303061754
Kendall: 0.5384016606123508
