Accuracy: 0.7747794499221587
Kendall: 0.5495588998443176
