Accuracy: 0.7717955371043073
Kendall: 0.5435910742086144
