Accuracy: 0.7752983912817851
Kendall: 0.5505967825635704
