Accuracy: 0.7702387130254281
Kendall: 0.5404774260508562
