Accuracy: 0.7606382978723404
Kendall: 0.5212765957446809
