Accuracy: 0.7610275038920602
Kendall: 0.5220550077841204
