Accuracy: 0.7698495070057083
Kendall: 0.5396990140114167
