Accuracy: 0.7708873897249611
Kendall: 0.5417747794499221
