Accuracy: 0.7668655941878568
Kendall: 0.5337311883757135
