Accuracy: 0.7619356512714063
Kendall: 0.5238713025428127
