Accuracy: 0.7607680332122471
Kendall: 0.521536066424494
