Accuracy: 0.7745199792423456
Kendall: 0.5490399584846912
