Accuracy: 0.7679034769071095
Kendall: 0.535806953814219
