Accuracy: 0.7694603009859886
Kendall: 0.5389206019719772
