Accuracy: 0.762065386611313
Kendall: 0.5241307732226258
