Accuracy: 0.7734820965230929
Kendall: 0.5469641930461858
