Accuracy: 0.7730928905033732
Kendall: 0.5461857810067462
