Accuracy: 0.7697197716658017
Kendall: 0.5394395433316035
