Accuracy: 0.7764660093409445
Kendall: 0.5529320186818889
