Accuracy: 0.7738713025428127
Kendall: 0.5477426050856253
