Accuracy: 0.7746497145822522
Kendall: 0.5492994291645044
