Accuracy: 0.7788012454592631
Kendall: 0.5576024909185262
