Accuracy: 0.7751686559418786
Kendall: 0.5503373118837571
