Accuracy: 0.7758173326414115
Kendall: 0.551634665282823
