Accuracy: 0.779449922158796
Kendall: 0.5588998443175921
