Accuracy: 0.7646600934094447
Kendall: 0.5293201868188895
