Accuracy: 0.7755578619615984
Kendall: 0.5511157239231966
