Accuracy: 0.7676440062272963
Kendall: 0.5352880124545927
