Accuracy: 0.7602490918526207
Kendall: 0.5204981837052413
