Accuracy: 0.7711468604047743
Kendall: 0.5422937208095485
