Accuracy: 0.7616761805915931
Kendall: 0.5233523611831863
