Accuracy: 0.7762065386611313
Kendall: 0.5524130773222626
