Accuracy: 0.777244421380384
Kendall: 0.554488842760768
