Accuracy: 0.7736118318629995
Kendall: 0.547223663725999
