Accuracy: 0.7603788271925273
Kendall: 0.5207576543850545
