Accuracy: 0.7782823040996367
Kendall: 0.5565646081992734
