Accuracy: 0.7325829773250082
Kendall: 0.4651659546500164
