Accuracy: 0.7373480118304305
Kendall: 0.474696023660861
