Accuracy: 0.7297075254682879
Kendall: 0.45941505093657575
