Accuracy: 0.765445284258955
Kendall: 0.5308905685179099
