Accuracy: 0.7367729214590865
Kendall: 0.47354584291817287
