Accuracy: 0.7569010844561288
Kendall: 0.5138021689122576
