Accuracy: 0.7644594150509366
Kendall: 0.5289188301018731
