Accuracy: 0.7175484719027275
Kendall: 0.43509694380545516
