Accuracy: 0.7206703910614525
Kendall: 0.441340782122905
