Accuracy: 0.7193558987840947
Kendall: 0.4387117975681893
