Accuracy: 0.7588728228721656
Kendall: 0.5177456457443312
