Accuracy: 0.7192737430167597
Kendall: 0.43854748603351956
