Accuracy: 0.7258462044035491
Kendall: 0.45169240880709827
