Accuracy: 0.7390732829444627
Kendall: 0.4781465658889254
