Accuracy: 0.7647880381202761
Kendall: 0.5295760762405521
