Accuracy: 0.7320078869536641
Kendall: 0.4640157739073283
