Accuracy: 0.7231350640814985
Kendall: 0.44627012816299705
