Accuracy: 0.7246138678935261
Kendall: 0.4492277357870523
