Accuracy: 0.7322543542556688
Kendall: 0.4645087085113375
