Accuracy: 0.7328294446270128
Kendall: 0.46565888925402565
