Accuracy: 0.7205882352941176
Kendall: 0.4411764705882353
