Accuracy: 0.7180414065067368
Kendall: 0.43608281301347357
