Accuracy: 0.7325008215576734
Kendall: 0.4650016431153467
