Accuracy: 0.716726914229379
Kendall: 0.4334538284587578
