Accuracy: 0.7448241866579034
Kendall: 0.4896483733158068
