Accuracy: 0.7207525468287874
Kendall: 0.4415050936575748
