Accuracy: 0.7336510023003615
Kendall: 0.46730200460072296
