Accuracy: 0.7449884981925731
Kendall: 0.48997699638514625
