Accuracy: 0.7264212947748931
Kendall: 0.4528425895497864
