Accuracy: 0.7375944791324351
Kendall: 0.4751889582648702
