Accuracy: 0.742605980939862
Kendall: 0.48521196187972393
