Accuracy: 0.7162339796253697
Kendall: 0.4324679592507394
