Accuracy: 0.7205060795267828
Kendall: 0.44101215905356556
