Accuracy: 0.7227242852448242
Kendall: 0.44544857048964837
