Accuracy: 0.7636378573775879
Kendall: 0.5272757147551758
