Accuracy: 0.7163982911600394
Kendall: 0.4327965823200789
