Accuracy: 0.7563259940847847
Kendall: 0.5126519881695695
