Accuracy: 0.7219848833388104
Kendall: 0.4439697666776208
