Accuracy: 0.7229707525468287
Kendall: 0.4459415050936576
