Accuracy: 0.7309398619783108
Kendall: 0.46187972395662175
