Accuracy: 0.7443312520538942
Kendall: 0.4886625041077884
