Accuracy: 0.7507394019060138
Kendall: 0.5014788038120276
