Accuracy: 0.7630627670062439
Kendall: 0.5261255340124876
