Accuracy: 0.7196023660860993
Kendall: 0.43920473217219846
