Accuracy: 0.7218205718041406
Kendall: 0.4436411436082813
