Accuracy: 0.7330759119290174
Kendall: 0.46615182385803483
