Accuracy: 0.7165626026947092
Kendall: 0.43312520538941834
