Accuracy: 0.7284751889582649
Kendall: 0.45695037791652976
