Accuracy: 0.7200953006901084
Kendall: 0.4401906013802169
