Accuracy: 0.7573118632928032
Kendall: 0.5146237265856063
