Accuracy: 0.7164804469273743
Kendall: 0.4329608938547486
