Accuracy: 0.7626519881695695
Kendall: 0.5253039763391391
