Accuracy: 0.716644758462044
Kendall: 0.43328951692408807
