Accuracy: 0.7179592507394019
Kendall: 0.4359185014788038
