Accuracy: 0.7329937561616825
Kendall: 0.4659875123233651
