Accuracy: 0.7406342425238251
Kendall: 0.48126848504765035
