Accuracy: 0.7366907656917515
Kendall: 0.47338153138350314
