Accuracy: 0.7331580676963523
Kendall: 0.46631613539270456
