Accuracy: 0.7178770949720671
Kendall: 0.43575418994413406
