Accuracy: 0.7208347025961223
Kendall: 0.4416694051922445
