Accuracy: 0.7257640486362142
Kendall: 0.45152809727242854
