Accuracy: 0.7385803483404535
Kendall: 0.477160696680907
