Accuracy: 0.7161518238580349
Kendall: 0.43230364771606966
