Accuracy: 0.7329116003943477
Kendall: 0.4658232007886954
