Accuracy: 0.7235458429181728
Kendall: 0.44709168583634573
