Accuracy: 0.7319257311863293
Kendall: 0.46385146237265856
