Accuracy: 0.7246960236608609
Kendall: 0.449392047321722
