Accuracy: 0.7449063424252382
Kendall: 0.4898126848504765
