Accuracy: 0.7620768977982254
Kendall: 0.5241537955964509
