Accuracy: 0.730857706210976
Kendall: 0.461715412421952
