Accuracy: 0.7305290831416366
Kendall: 0.46105816628327306
