Accuracy: 0.7363621426224121
Kendall: 0.4727242852448242
