Accuracy: 0.7355405849490634
Kendall: 0.4710811698981269
