Accuracy: 0.7186164968780808
Kendall: 0.4372329937561617
