Accuracy: 0.7492605980939862
Kendall: 0.4985211961879724
