Accuracy: 0.72839303319093
Kendall: 0.45678606638186003
