Accuracy: 0.7387446598751233
Kendall: 0.47748931975024644
