Accuracy: 0.7263391390075583
Kendall: 0.4526782780151167
