Accuracy: 0.7201774564574434
Kendall: 0.4403549129148866
