Accuracy: 0.7232172198488334
Kendall: 0.4464344396976668
