Accuracy: 0.7196845218534341
Kendall: 0.43936904370686825
