Accuracy: 0.7372658560630956
Kendall: 0.4745317121261913
