Accuracy: 0.7442490962865593
Kendall: 0.4884981925731186
