Accuracy: 0.7606802497535327
Kendall: 0.5213604995070654
