Accuracy: 0.7668419323036477
Kendall: 0.5336838646072954
