Accuracy: 0.7503286230693395
Kendall: 0.5006572461386789
