Accuracy: 0.7351298061123891
Kendall: 0.4702596122247782
