Accuracy: 0.766020374630299
Kendall: 0.5320407492605981
