Accuracy: 0.7275714755175814
Kendall: 0.45514295103516267
