Accuracy: 0.7177127834373973
Kendall: 0.4354255668747946
