Accuracy: 0.7163161353927046
Kendall: 0.4326322707854091
