Accuracy: 0.7346368715083799
Kendall: 0.4692737430167598
