Accuracy: 0.7398126848504765
Kendall: 0.479625369700953
