Accuracy: 0.7302826158396319
Kendall: 0.4605652316792639
