Accuracy: 0.7446598751232336
Kendall: 0.4893197502464673
