Accuracy: 0.738251725271114
Kendall: 0.4765034505422281
