Accuracy: 0.7591192901741702
Kendall: 0.5182385803483405
