Accuracy: 0.7603516266841932
Kendall: 0.5207032533683864
