Accuracy: 0.7360335195530726
Kendall: 0.4720670391061452
