Accuracy: 0.6579033848176142
Kendall: 0.3158067696352284
