Accuracy: 0.7539434768320736
Kendall: 0.5078869536641473
