Accuracy: 0.7640486362142622
Kendall: 0.5280972724285244
