Accuracy: 0.7485211961879724
Kendall: 0.4970423923759448
