Accuracy: 0.748767663489977
Kendall: 0.497535326979954
