Accuracy: 0.7158232007886953
Kendall: 0.43164640157739076
