Accuracy: 0.719766677620769
Kendall: 0.43953335524153797
