Accuracy: 0.7902142628717621
Kendall: 0.5804285257435241
