Accuracy: 0.7881888924421704
Kendall: 0.5763777848843407
