Accuracy: 0.7780620402942117
Kendall: 0.5561240805884234
