Accuracy: 0.7891482784351348
Kendall: 0.5782965568702697
