Accuracy: 0.7115446114486729
Kendall: 0.4230892228973457
