Accuracy: 0.788721884660484
Kendall: 0.5774437693209679
