Accuracy: 0.7904274597590876
Kendall: 0.580854919518175
