Accuracy: 0.7642042426180577
Kendall: 0.5284084852361155
