Accuracy: 0.7905340582027502
Kendall: 0.5810681164055005
