Accuracy: 0.7811533951604307
Kendall: 0.5623067903208613
