Accuracy: 0.7871229080055431
Kendall: 0.5742458160110863
