Accuracy: 0.781792985822407
Kendall: 0.5635859716448139
