Accuracy: 0.7778488434068863
Kendall: 0.5556976868137725
