Accuracy: 0.7865899157872295
Kendall: 0.5731798315744591
