Accuracy: 0.787549301780194
Kendall: 0.575098603560388
