Accuracy: 0.7886152862168212
Kendall: 0.5772305724336425
