Accuracy: 0.7859503251252532
Kendall: 0.5719006502505063
