Accuracy: 0.7789148278435135
Kendall: 0.5578296556870269
