Accuracy: 0.7882954908858331
Kendall: 0.5765909817716661
