Accuracy: 0.7785950325125253
Kendall: 0.5571900650250506
