Accuracy: 0.7845645453576378
Kendall: 0.5691290907152755
