Accuracy: 0.7843513484703123
Kendall: 0.5687026969406247
