Accuracy: 0.7892548768787976
Kendall: 0.5785097537575952
