Accuracy: 0.782539174928046
Kendall: 0.5650783498560921
