Accuracy: 0.7884020893294957
Kendall: 0.5768041786589916
