Accuracy: 0.7874427033365313
Kendall: 0.5748854066730625
