Accuracy: 0.7864833173435668
Kendall: 0.5729666346871336
