Accuracy: 0.7815797889350815
Kendall: 0.5631595778701631
