Accuracy: 0.7878690971111821
Kendall: 0.5757381942223644
