Accuracy: 0.7812599936040934
Kendall: 0.5625199872081867
