Accuracy: 0.7836051593646732
Kendall: 0.5672103187293466
