Accuracy: 0.7628184628504424
Kendall: 0.5256369257008847
