Accuracy: 0.7850975375759514
Kendall: 0.5701950751519028
