Accuracy: 0.7788082293998507
Kendall: 0.5576164587997016
