Accuracy: 0.7893614753224603
Kendall: 0.5787229506449206
