Accuracy: 0.7885086877731585
Kendall: 0.577017375546317
