Accuracy: 0.7895746722097857
Kendall: 0.5791493444195714
