Accuracy: 0.7907472550900757
Kendall: 0.5814945101801514
