Accuracy: 0.7860569235689159
Kendall: 0.5721138471378318
