Accuracy: 0.7805138044984543
Kendall: 0.5610276089969086
