Accuracy: 0.7876559002238568
Kendall: 0.5753118004477135
