Accuracy: 0.7890416799914721
Kendall: 0.5780833599829442
