Accuracy: 0.7822193795970579
Kendall: 0.5644387591941158
