Accuracy: 0.762605265963117
Kendall: 0.5252105319262339
