Accuracy: 0.7901076644280993
Kendall: 0.5802153288561988
