Accuracy: 0.7559961624560282
Kendall: 0.5119923249120563
