Accuracy: 0.7879756955548449
Kendall: 0.5759513911096898
