Accuracy: 0.7839249546956615
Kendall: 0.5678499093913228
