Accuracy: 0.779128024730839
Kendall: 0.5582560494616778
