Accuracy: 0.7870163095618804
Kendall: 0.5740326191237608
