Accuracy: 0.7814731904914188
Kendall: 0.5629463809828377
