Accuracy: 0.7827523718153715
Kendall: 0.565504743630743
