Accuracy: 0.7799808122801407
Kendall: 0.5599616245602814
