Accuracy: 0.7781686387378745
Kendall: 0.5563372774757489
