Accuracy: 0.7888284831041467
Kendall: 0.5776569662082933
