Accuracy: 0.7889350815478094
Kendall: 0.5778701630956188
