Accuracy: 0.7636712503997442
Kendall: 0.5273425007994883
