Accuracy: 0.7501332480545784
Kendall: 0.5002664961091569
