Accuracy: 0.7696407632448566
Kendall: 0.5392815264897133
