Accuracy: 0.7540773904700991
Kendall: 0.5081547809401983
