Accuracy: 0.7536509966954482
Kendall: 0.5073019933908965
