Accuracy: 0.7434175461038269
Kendall: 0.48683509220765375
