Accuracy: 0.7586611235475962
Kendall: 0.5173222470951924
