Accuracy: 0.7578083359982944
Kendall: 0.5156166719965889
