Accuracy: 0.7500266496109157
Kendall: 0.5000532992218314
