Accuracy: 0.7425647585545251
Kendall: 0.4851295171090502
