Accuracy: 0.7579149344419571
Kendall: 0.5158298688839142
