Accuracy: 0.7467220978573713
Kendall: 0.4934441957147426
