Accuracy: 0.7558895640123654
Kendall: 0.5117791280247308
