Accuracy: 0.7541839889137618
Kendall: 0.5083679778275237
