Accuracy: 0.751412429378531
Kendall: 0.5028248587570622
