Accuracy: 0.742244963223537
Kendall: 0.4844899264470739
