Accuracy: 0.7693209679138685
Kendall: 0.5386419358277369
