Accuracy: 0.747574885406673
Kendall: 0.4951497708133461
