Accuracy: 0.7648438332800341
Kendall: 0.5296876665600683
