Accuracy: 0.7632448566250932
Kendall: 0.5264897132501866
