Accuracy: 0.7404327896812707
Kendall: 0.4808655793625413
