Accuracy: 0.7634580535124187
Kendall: 0.5269161070248375
