Accuracy: 0.7702803539068329
Kendall: 0.5405607078136659
