Accuracy: 0.7573819422236435
Kendall: 0.514763884447287
