Accuracy: 0.7574885406673063
Kendall: 0.5149770813346125
