Accuracy: 0.7577017375546317
Kendall: 0.5154034751092634
