Accuracy: 0.7580215328856199
Kendall: 0.5160430657712397
