Accuracy: 0.7462957040827204
Kendall: 0.4925914081654408
