Accuracy: 0.7482144760686494
Kendall: 0.4964289521372988
