Accuracy: 0.7649504317236968
Kendall: 0.5299008634473936
