Accuracy: 0.771772732118111
Kendall: 0.5435454642362222
