Accuracy: 0.7471484916320221
Kendall: 0.49429698326404437
