Accuracy: 0.7570621468926554
Kendall: 0.5141242937853108
