Accuracy: 0.7529048075898092
Kendall: 0.5058096151796184
