Accuracy: 0.7651636286110223
Kendall: 0.5303272572220445
