Accuracy: 0.7466154994137085
Kendall: 0.4932309988274171
