Accuracy: 0.7393668052446434
Kendall: 0.47873361048928686
