Accuracy: 0.7637778488434069
Kendall: 0.5275556976868138
