Accuracy: 0.7464023025263831
Kendall: 0.49280460505276624
