Accuracy: 0.7417119710052233
Kendall: 0.48342394201044664
