Accuracy: 0.7685747788082294
Kendall: 0.5371495576164588
