Accuracy: 0.7665494083786377
Kendall: 0.5330988167572753
