Accuracy: 0.7519454215968446
Kendall: 0.5038908431936894
