Accuracy: 0.7424581601108624
Kendall: 0.48491632022172476
