Accuracy: 0.739153608357318
Kendall: 0.47830721671463594
