Accuracy: 0.7566357531180045
Kendall: 0.5132715062360089
