Accuracy: 0.7477880822939985
Kendall: 0.495576164587997
