Accuracy: 0.7630316597377679
Kendall: 0.5260633194755356
