Accuracy: 0.7472550900756849
Kendall: 0.49451018015136977
