Accuracy: 0.7390470099136552
Kendall: 0.47809401982731053
