Accuracy: 0.7568489500053299
Kendall: 0.5136979000106598
