Accuracy: 0.7638844472870696
Kendall: 0.5277688945741392
