Accuracy: 0.7504530433855666
Kendall: 0.5009060867711331
