Accuracy: 0.7698539601321821
Kendall: 0.5397079202643641
