Accuracy: 0.7718793305617738
Kendall: 0.5437586611235476
