Accuracy: 0.6901183242724657
Kendall: 0.3802366485449312
