Accuracy: 0.7411789787869097
Kendall: 0.48235795757381944
