Accuracy: 0.7709199445688093
Kendall: 0.5418398891376186
