Accuracy: 0.7448033258714423
Kendall: 0.48960665174288454
