Accuracy: 0.7694275663575312
Kendall: 0.5388551327150624
