Accuracy: 0.7640976441743951
Kendall: 0.5281952883487901
