Accuracy: 0.7551433749067263
Kendall: 0.5102867498134527
