Accuracy: 0.7419251678925488
Kendall: 0.48385033578509756
