Accuracy: 0.7440571367658032
Kendall: 0.4881142735316064
