Accuracy: 0.7450165227587677
Kendall: 0.49003304551753546
