Accuracy: 0.7421383647798742
Kendall: 0.48427672955974843
