Accuracy: 0.7704935507941584
Kendall: 0.5409871015883169
