Accuracy: 0.7446967274277796
Kendall: 0.48939345485555913
