Accuracy: 0.7563159577870163
Kendall: 0.5126319155740326
