Accuracy: 0.744909924315105
Kendall: 0.48981984863021
