Accuracy: 0.7567423515616672
Kendall: 0.5134847031233344
