Accuracy: 0.7582347297729453
Kendall: 0.5164694595458906
