Accuracy: 0.7483210745123121
Kendall: 0.4966421490246242
