Accuracy: 0.7451231212024304
Kendall: 0.49024624240486087
