Accuracy: 0.7555786196159834
Kendall: 0.5111572392319668
