Accuracy: 0.7769849507005708
Kendall: 0.5539699014011417
