Accuracy: 0.7704981837052413
Kendall: 0.5409963674104826
