Accuracy: 0.7580435910742086
Kendall: 0.5160871821484172
