Accuracy: 0.7688116242864557
Kendall: 0.5376232485729112
