Accuracy: 0.7640114167099118
Kendall: 0.5280228334198236
