Accuracy: 0.7767254800207577
Kendall: 0.5534509600415153
