Accuracy: 0.7660871821484172
Kendall: 0.5321743642968345
