Accuracy: 0.7771146860404774
Kendall: 0.5542293720809549
