Accuracy: 0.772184743124027
Kendall: 0.5443694862480539
