Accuracy: 0.7583030617540218
Kendall: 0.5166061235080436
