Accuracy: 0.7812662169174883
Kendall: 0.5625324338349766
