Accuracy: 0.7634924753502854
Kendall: 0.5269849507005708
