Accuracy: 0.7667358588479501
Kendall: 0.5334717176959004
