Accuracy: 0.7638816813700052
Kendall: 0.5277633627400103
