Accuracy: 0.7810067462376752
Kendall: 0.5620134924753503
