Accuracy: 0.7826933056564608
Kendall: 0.5653866113129217
