Accuracy: 0.7548002075765439
Kendall: 0.5096004151530877
