Accuracy: 0.7798391281785159
Kendall: 0.5596782563570316
