Accuracy: 0.7754281266216917
Kendall: 0.5508562532433835
