Accuracy: 0.7716658017644006
Kendall: 0.5433316035288013
