Accuracy: 0.7703684483653347
Kendall: 0.5407368967306694
