Accuracy: 0.7707576543850545
Kendall: 0.541515308770109
