Accuracy: 0.7719252724442138
Kendall: 0.5438505448884277
