Accuracy: 0.7706279190451479
Kendall: 0.5412558380902958
