Accuracy: 0.7584327970939284
Kendall: 0.5168655941878568
