Accuracy: 0.7842501297353399
Kendall: 0.5685002594706798
