Accuracy: 0.7684224182667359
Kendall: 0.5368448365334717
