Accuracy: 0.7723144784639335
Kendall: 0.5446289569278672
