Accuracy: 0.7803580695381422
Kendall: 0.5607161390762844
