Accuracy: 0.7553191489361702
Kendall: 0.5106382978723404
