Accuracy: 0.7789309807991697
Kendall: 0.5578619615983393
