Accuracy: 0.7733523611831863
Kendall: 0.5467047223663726
