Accuracy: 0.7811364815775818
Kendall: 0.5622729631551635
