Accuracy: 0.7712765957446809
Kendall: 0.5425531914893617
