Accuracy: 0.7581733264141152
Kendall: 0.5163466528282304
