Accuracy: 0.7833419823559937
Kendall: 0.5666839647119876
