Accuracy: 0.782952776336274
Kendall: 0.565905552672548
