Accuracy: 0.7611572392319668
Kendall: 0.5223144784639335
