Accuracy: 0.7841203943954334
Kendall: 0.5682407887908666
