Accuracy: 0.7804878048780488
Kendall: 0.5609756097560976
