Accuracy: 0.7653087701089777
Kendall: 0.5306175402179554
