Accuracy: 0.7815256875973015
Kendall: 0.563051375194603
