Accuracy: 0.7571354436948625
Kendall: 0.5142708873897249
