Accuracy: 0.7562272963155163
Kendall: 0.5124545926310327
