Accuracy: 0.7813959522573949
Kendall: 0.5627919045147898
