Accuracy: 0.7647898287493513
Kendall: 0.5295796574987026
