Accuracy: 0.7793201868188895
Kendall: 0.558640373637779
