Accuracy: 0.7797093928386092
Kendall: 0.5594187856772185
