Accuracy: 0.7642708873897249
Kendall: 0.52854177477945
