Accuracy: 0.7682926829268293
Kendall: 0.5365853658536586
