Accuracy: 0.7781525687597302
Kendall: 0.5563051375194603
