Accuracy: 0.7768552153606643
Kendall: 0.5537104307213285
