Accuracy: 0.7641411520498184
Kendall: 0.5282823040996367
