Accuracy: 0.7817851582771147
Kendall: 0.5635703165542294
