Accuracy: 0.7825635703165542
Kendall: 0.5651271406331084
