Accuracy: 0.7695900363258952
Kendall: 0.5391800726517904
