Accuracy: 0.780098598858329
Kendall: 0.560197197716658
