Accuracy: 0.7791904514789829
Kendall: 0.5583809029579657
