Accuracy: 0.7802283341982356
Kendall: 0.5604566683964712
