Accuracy: 0.7650492994291646
Kendall: 0.530098598858329
