Accuracy: 0.7551894135962636
Kendall: 0.5103788271925273
