Accuracy: 0.7628437986507525
Kendall: 0.5256875973015049
