Accuracy: 0.769979242345615
Kendall: 0.5399584846912299
