Accuracy: 0.7659574468085106
Kendall: 0.5319148936170213
