Accuracy: 0.7575246497145822
Kendall: 0.5150492994291646
