Accuracy: 0.7645303580695382
Kendall: 0.5290607161390762
