Accuracy: 0.7672548002075765
Kendall: 0.534509600415153
