Accuracy: 0.7776336274001038
Kendall: 0.5552672548002076
