Accuracy: 0.7720550077841204
Kendall: 0.5441100155682408
