Accuracy: 0.7576543850544888
Kendall: 0.5153087701089777
