Accuracy: 0.7773741567202906
Kendall: 0.5547483134405812
