Accuracy: 0.7820446289569278
Kendall: 0.5640892579138558
