Accuracy: 0.7618059159314997
Kendall: 0.5236118318629995
