Accuracy: 0.755059678256357
Kendall: 0.5101193565127141
