Accuracy: 0.7808770108977685
Kendall: 0.5617540217955371
