Accuracy: 0.7549299429164504
Kendall: 0.5098598858329009
