Accuracy: 0.7651790347690711
Kendall: 0.5303580695381422
