Accuracy: 0.7806175402179554
Kendall: 0.5612350804359107
