Accuracy: 0.7701089776855216
Kendall: 0.5402179553710431
