Accuracy: 0.7091333679294239
Kendall: 0.41826673585884794
