Accuracy: 0.758562532433835
Kendall: 0.51712506486767
