Accuracy: 0.7658277114686041
Kendall: 0.5316554229372081
