Accuracy: 0.777893098079917
Kendall: 0.5557861961598339
