Accuracy: 0.7673845355474831
Kendall: 0.5347690710949663
