Accuracy: 0.769330565646082
Kendall: 0.538661131292164
