Accuracy: 0.7599896211728074
Kendall: 0.519979242345615
