Accuracy: 0.7573949143746757
Kendall: 0.5147898287493513
