Accuracy: 0.7564867669953296
Kendall: 0.512973533990659
