Accuracy: 0.7625843279709393
Kendall: 0.5251686559418786
