Accuracy: 0.7566165023352361
Kendall: 0.5132330046704723
