Accuracy: 0.7681629475869227
Kendall: 0.5363258951738453
