Accuracy: 0.766476388168137
Kendall: 0.532952776336274
