Accuracy: 0.7563570316554229
Kendall: 0.5127140633108459
