Accuracy: 0.75570835495589
Kendall: 0.51141670991178
