Accuracy: 0.7559678256357032
Kendall: 0.5119356512714063
