Accuracy: 0.7577841203943955
Kendall: 0.5155682407887908
