Accuracy: 0.757913855734302
Kendall: 0.5158277114686041
