Accuracy: 0.7666061235080436
Kendall: 0.5332122470160872
