Accuracy: 0.7685521536066424
Kendall: 0.537104307213285
