Accuracy: 0.7662169174883238
Kendall: 0.5324338349766476
