Accuracy: 0.7567462376751427
Kendall: 0.5134924753502854
