Accuracy: 0.7649195640892579
Kendall: 0.5298391281785159
