Accuracy: 0.768033212247016
Kendall: 0.5360664244940322
