Accuracy: 0.7637519460300985
Kendall: 0.5275038920601972
