Accuracy: 0.768681888946549
Kendall: 0.5373637778930981
