Accuracy: 0.7558380902957966
Kendall: 0.5116761805915931
