Accuracy: 0.7572651790347691
Kendall: 0.5145303580695382
