Accuracy: 0.7554488842760768
Kendall: 0.5108977685521536
