Accuracy: 0.7677737415672029
Kendall: 0.5355474831344058
