Accuracy: 0.763622210690192
Kendall: 0.527244421380384
