Accuracy: 0.7568759730150493
Kendall: 0.5137519460300985
