Accuracy: 0.7570057083549558
Kendall: 0.5140114167099118
