Accuracy: 0.7560975609756098
Kendall: 0.5121951219512195
