Accuracy: 0.7092631032693306
Kendall: 0.4185262065386611
