Accuracy: 0.7601193565127141
Kendall: 0.5202387130254281
