Accuracy: 0.777955441850549
Kendall: 0.555910883701098
