Accuracy: 0.7659098177166613
Kendall: 0.5318196354333227
