Accuracy: 0.7436307429911523
Kendall: 0.4872614859823047
