Accuracy: 0.783711757808336
Kendall: 0.567423515616672
