Accuracy: 0.7690011725828803
Kendall: 0.5380023451657606
