Accuracy: 0.771026543012472
Kendall: 0.5420530860249441
