Accuracy: 0.7521586184841701
Kendall: 0.5043172369683403
