Accuracy: 0.7712397398997974
Kendall: 0.5424794797995949
