Accuracy: 0.7862701204562413
Kendall: 0.5725402409124827
