Accuracy: 0.7437373414348151
Kendall: 0.4874746828696301
