Accuracy: 0.7852041360196141
Kendall: 0.5704082720392283
