Accuracy: 0.7847777422449632
Kendall: 0.5695554844899264
