Accuracy: 0.7853107344632768
Kendall: 0.5706214689265536
