Accuracy: 0.752585012258821
Kendall: 0.505170024517642
