Accuracy: 0.7396866005756316
Kendall: 0.4793732011512632
