Accuracy: 0.7663362114913123
Kendall: 0.5326724229826244
