Accuracy: 0.7530114060334719
Kendall: 0.5060228120669438
