Accuracy: 0.7481078776249867
Kendall: 0.49621575524997336
