Accuracy: 0.7803006076111288
Kendall: 0.5606012152222578
