Accuracy: 0.7816863873787443
Kendall: 0.5633727747574886
