Accuracy: 0.7465089009700459
Kendall: 0.49301780194009165
