Accuracy: 0.7823259780407206
Kendall: 0.5646519560814413
