Accuracy: 0.7546103826884127
Kendall: 0.5092207653768255
