Accuracy: 0.7430977507728387
Kendall: 0.4861955015456774
