Accuracy: 0.772945314998401
Kendall: 0.545890629996802
