Accuracy: 0.7598337064278862
Kendall: 0.5196674128557723
