Accuracy: 0.7795544185054898
Kendall: 0.5591088370109797
