Accuracy: 0.7581281313292826
Kendall: 0.5162562626585652
