Accuracy: 0.7854173329069396
Kendall: 0.5708346658138791
