Accuracy: 0.7557829655687027
Kendall: 0.5115659311374053
