Accuracy: 0.7491738620616138
Kendall: 0.4983477241232278
