Accuracy: 0.7565291546743418
Kendall: 0.5130583093486835
