Accuracy: 0.7469352947446968
Kendall: 0.49387058948939344
