Accuracy: 0.7653768254983477
Kendall: 0.5307536509966955
