Accuracy: 0.7869097111182177
Kendall: 0.5738194222364353
