Accuracy: 0.7400063959066198
Kendall: 0.4800127918132395
