Accuracy: 0.7473616885193476
Kendall: 0.49472337703869523
