Accuracy: 0.7484276729559748
Kendall: 0.4968553459119497
