Accuracy: 0.7682549834772412
Kendall: 0.5365099669544825
