Accuracy: 0.7584479266602707
Kendall: 0.5168958533205416
