Accuracy: 0.7423515616671996
Kendall: 0.4847031233343993
