Accuracy: 0.7834985609210106
Kendall: 0.5669971218420211
