Accuracy: 0.7499200511672529
Kendall: 0.49984010233450593
