Accuracy: 0.7426713569981879
Kendall: 0.48534271399637563
