Accuracy: 0.748001279181324
Kendall: 0.4960025583626479
