Accuracy: 0.7549301780194009
Kendall: 0.5098603560388019
