Accuracy: 0.7631382581814306
Kendall: 0.5262765163628611
