Accuracy: 0.7832853640336851
Kendall: 0.5665707280673702
