Accuracy: 0.7394734036883062
Kendall: 0.4789468073766123
