Accuracy: 0.7783818356251999
Kendall: 0.5567636712503997
