Accuracy: 0.7749706854279927
Kendall: 0.5499413708559855
