Accuracy: 0.7707067476814838
Kendall: 0.5414134953629677
