Accuracy: 0.7594073126532352
Kendall: 0.5188146253064705
