Accuracy: 0.7855239313506023
Kendall: 0.5710478627012046
