Accuracy: 0.7880822939985076
Kendall: 0.5761645879970152
