Accuracy: 0.7647372348363713
Kendall: 0.5294744696727428
