Accuracy: 0.782965568702697
Kendall: 0.5659311374053939
