Accuracy: 0.7545037842447501
Kendall: 0.5090075684895
