Accuracy: 0.7796610169491526
Kendall: 0.559322033898305
