Accuracy: 0.7848843406886259
Kendall: 0.5697686813772519
