Accuracy: 0.7818995842660698
Kendall: 0.5637991685321394
