Accuracy: 0.7478946807376612
Kendall: 0.4957893614753225
