Accuracy: 0.7470418931883595
Kendall: 0.4940837863767189
