Accuracy: 0.7715595352307856
Kendall: 0.5431190704615713
