Accuracy: 0.7763564651956082
Kendall: 0.5527129303912163
