Accuracy: 0.7662296130476495
Kendall: 0.532459226095299
