Accuracy: 0.7635646519560815
Kendall: 0.5271293039121628
