Accuracy: 0.7629250612941051
Kendall: 0.5258501225882102
