Accuracy: 0.7858437266815904
Kendall: 0.5716874533631809
