Accuracy: 0.7498134527235902
Kendall: 0.49962690544718047
