Accuracy: 0.7708133461251466
Kendall: 0.5416266922502931
