Accuracy: 0.7844579469139751
Kendall: 0.5689158938279502
