Accuracy: 0.7745442916533418
Kendall: 0.5490885833066838
