Accuracy: 0.7395800021319688
Kendall: 0.47916000426393773
