Accuracy: 0.7443769320967913
Kendall: 0.4887538641935828
