Accuracy: 0.776782858970259
Kendall: 0.5535657179405181
