Accuracy: 0.7597271079842234
Kendall: 0.5194542159684469
