Accuracy: 0.7713463383434602
Kendall: 0.5426926766869203
