Accuracy: 0.7397931990192943
Kendall: 0.47958639803858866
