Accuracy: 0.7405393881249334
Kendall: 0.4810787762498668
