Accuracy: 0.7569555484489926
Kendall: 0.5139110968979853
