Accuracy: 0.7793412216181643
Kendall: 0.5586824432363288
