Accuracy: 0.7445901289841168
Kendall: 0.48918025796823367
