Accuracy: 0.7821127811533951
Kendall: 0.5642255623067903
