Accuracy: 0.7627118644067796
Kendall: 0.5254237288135594
