Accuracy: 0.751838823153182
Kendall: 0.5036776463063639
