Accuracy: 0.7808335998294424
Kendall: 0.561667199658885
