Accuracy: 0.7420317663362115
Kendall: 0.48406353267242297
