Accuracy: 0.7452297196460932
Kendall: 0.4904594392921863
