Accuracy: 0.7849909391322887
Kendall: 0.5699818782645774
