Accuracy: 0.7550367764630637
Kendall: 0.5100735529261273
