Accuracy: 0.7548235795757382
Kendall: 0.5096471591514764
