Accuracy: 0.7664428099349749
Kendall: 0.5328856198699499
