Accuracy: 0.7398997974629571
Kendall: 0.47979959492591406
