Accuracy: 0.7432043492165015
Kendall: 0.4864086984330029
