Accuracy: 0.7765696620829335
Kendall: 0.5531393241658672
