Accuracy: 0.7737981025477028
Kendall: 0.5475962050954056
