Accuracy: 0.7666560068223004
Kendall: 0.5333120136446008
