Accuracy: 0.7838183562519987
Kendall: 0.5676367125039974
