Accuracy: 0.773371708773052
Kendall: 0.5467434175461038
