Accuracy: 0.7538641935827737
Kendall: 0.5077283871655474
