Accuracy: 0.7762498667519454
Kendall: 0.5524997335038908
