Accuracy: 0.7746508900970046
Kendall: 0.5493017801940092
