Accuracy: 0.786376718899904
Kendall: 0.5727534377998081
