Accuracy: 0.7797676153928152
Kendall: 0.5595352307856305
