Accuracy: 0.7643108410617205
Kendall: 0.528621682123441
