Accuracy: 0.7861635220125787
Kendall: 0.5723270440251572
