Accuracy: 0.758341328216608
Kendall: 0.5166826564332161
