Accuracy: 0.7711331414561348
Kendall: 0.5422662829122695
