Accuracy: 0.7427779554418505
Kendall: 0.4855559108837011
