Accuracy: 0.7658032192729987
Kendall: 0.5316064385459972
