Accuracy: 0.7764630636392709
Kendall: 0.5529261272785417
