Accuracy: 0.7868031126745549
Kendall: 0.5736062253491099
