Accuracy: 0.7531180044771346
Kendall: 0.5062360089542692
