Accuracy: 0.765270227054685
Kendall: 0.53054045410937
