Accuracy: 0.7661230146039868
Kendall: 0.5322460292079736
