Accuracy: 0.7489606651742885
Kendall: 0.4979213303485769
