Accuracy: 0.7403261912376079
Kendall: 0.48065238247521586
