Accuracy: 0.7674021959279395
Kendall: 0.5348043918558789
