Accuracy: 0.6906513164907793
Kendall: 0.3813026329815585
