Accuracy: 0.778701630956188
Kendall: 0.5574032619123761
