Accuracy: 0.7833919624773479
Kendall: 0.5667839249546957
