Accuracy: 0.7407525850122588
Kendall: 0.48150517002451765
