Accuracy: 0.6629475869226777
Kendall: 0.3258951738453555
