Accuracy: 0.6613907628437986
Kendall: 0.3227815256875973
