Accuracy: 0.6606123508043591
Kendall: 0.3212247016087182
