Accuracy: 0.6604826154644525
Kendall: 0.32096523092890505
