Accuracy: 0.6610015568240789
Kendall: 0.32200311364815776
