Accuracy: 0.660352880124546
Kendall: 0.32070576024909186
