Accuracy: 0.6598339387649196
Kendall: 0.3196678775298391
