Accuracy: 0.6635962636222107
Kendall: 0.3271925272444214
