Accuracy: 0.6633367929423976
Kendall: 0.326673585884795
