Accuracy: 0.6594447327451998
Kendall: 0.3188894654903996
