Accuracy: 0.6608718214841723
Kendall: 0.32174364296834457
