Accuracy: 0.659704203425013
Kendall: 0.31940840685002597
