Accuracy: 0.6625583809029579
Kendall: 0.3251167618059159
