Accuracy: 0.6607420861442657
Kendall: 0.3214841722885314
