Accuracy: 0.6626881162428646
Kendall: 0.3253762324857291
