Accuracy: 0.6600934094447327
Kendall: 0.3201868188894655
