Accuracy: 0.661909704203425
Kendall: 0.32381940840685003
