Accuracy: 0.6554229372080955
Kendall: 0.310845874416191
