Accuracy: 0.6616502335236119
Kendall: 0.32330046704722365
