Accuracy: 0.6602231447846393
Kendall: 0.3204462895692787
