Accuracy: 0.7458922116332567
Kendall: 0.4917844232665133
