Accuracy: 0.7340617811370358
Kendall: 0.46812356227407165
