Accuracy: 0.7525468287873809
Kendall: 0.5050936575747618
