Accuracy: 0.744413407821229
Kendall: 0.4888268156424581
