Accuracy: 0.7315149523496549
Kendall: 0.4630299046993099
