Accuracy: 0.7434275386132106
Kendall: 0.4868550772264213
