Accuracy: 0.7368550772264213
Kendall: 0.4737101544528426
