Accuracy: 0.746302990469931
Kendall: 0.49260598093986196
