Accuracy: 0.7535326979953992
Kendall: 0.5070653959907986
