Accuracy: 0.7437561616825501
Kendall: 0.48751232336510025
