Accuracy: 0.7536148537627342
Kendall: 0.5072297075254683
