Accuracy: 0.7574761748274729
Kendall: 0.5149523496549457
