Accuracy: 0.7311863292803155
Kendall: 0.462372658560631
