Accuracy: 0.7429346040092014
Kendall: 0.4858692080184029
