Accuracy: 0.7580512651988169
Kendall: 0.5161025303976339
