Accuracy: 0.7445777193558988
Kendall: 0.48915543871179756
