Accuracy: 0.7370193887610911
Kendall: 0.47403877752218204
