Accuracy: 0.7430167597765364
Kendall: 0.4860335195530726
