Accuracy: 0.7554222806441012
Kendall: 0.5108445612882024
