Accuracy: 0.7459743674005915
Kendall: 0.49194873480118306
