Accuracy: 0.7664311534669734
Kendall: 0.5328623069339468
