Accuracy: 0.7389911271771278
Kendall: 0.4779822543542557
