Accuracy: 0.7587906671048308
Kendall: 0.5175813342096616
