Accuracy: 0.7422773578705225
Kendall: 0.48455471574104503
