Accuracy: 0.7427702924745317
Kendall: 0.48554058494906344
