Accuracy: 0.7415379559645087
Kendall: 0.48307591192901744
