Accuracy: 0.7476996385146237
Kendall: 0.49539927702924746
