Accuracy: 0.738908971409793
Kendall: 0.47781794281958595
