Accuracy: 0.7341439369043707
Kendall: 0.4682878738087414
