Accuracy: 0.7628162997042393
Kendall: 0.5256325994084785
