Accuracy: 0.753697009530069
Kendall: 0.507394019060138
