Accuracy: 0.7416201117318436
Kendall: 0.48324022346368717
