Accuracy: 0.7613374958922117
Kendall: 0.5226749917844232
