Accuracy: 0.7441669405192245
Kendall: 0.4883338810384489
