Accuracy: 0.7317614196516595
Kendall: 0.4635228393033191
