Accuracy: 0.7523003614853763
Kendall: 0.5046007229707525
