Accuracy: 0.7334866907656917
Kendall: 0.4669733815313835
