Accuracy: 0.7550936575747618
Kendall: 0.5101873151495235
