Accuracy: 0.7408807098258298
Kendall: 0.48176141965165953
