Accuracy: 0.7438383174498849
Kendall: 0.48767663489977
