Accuracy: 0.7632270785409135
Kendall: 0.5264541570818272
