Accuracy: 0.7343904042063752
Kendall: 0.46878080841275055
