Accuracy: 0.7435918501478804
Kendall: 0.48718370029576075
