Accuracy: 0.7523825172527111
Kendall: 0.5047650345054223
