Accuracy: 0.7457279000985869
Kendall: 0.49145580019717383
