Accuracy: 0.7463851462372658
Kendall: 0.4927702924745317
