Accuracy: 0.7486033519553073
Kendall: 0.4972067039106145
