Accuracy: 0.7435096943805455
Kendall: 0.487019388761091
