Accuracy: 0.7440026289845547
Kendall: 0.48800525796910943
