Accuracy: 0.7649523496549457
Kendall: 0.5299046993098916
