Accuracy: 0.7527111403220506
Kendall: 0.5054222806441012
