Accuracy: 0.7318435754189944
Kendall: 0.46368715083798884
