Accuracy: 0.7374301675977654
Kendall: 0.4748603351955307
