Accuracy: 0.7553401248767664
Kendall: 0.5106802497535327
