Accuracy: 0.7311041735129806
Kendall: 0.4622083470259612
