Accuracy: 0.7633092343082485
Kendall: 0.5266184686164969
