Accuracy: 0.758626355570161
Kendall: 0.517252711140322
