Accuracy: 0.7651988169569504
Kendall: 0.5303976339139007
