Accuracy: 0.7584620440354913
Kendall: 0.5169240880709826
