Accuracy: 0.7583798882681564
Kendall: 0.5167597765363129
