Accuracy: 0.7515609595793624
Kendall: 0.503121919158725
