Accuracy: 0.751232336510023
Kendall: 0.502464673020046
