Accuracy: 0.7404699309891555
Kendall: 0.4809398619783109
