Accuracy: 0.7564903056194545
Kendall: 0.5129806112389089
