Accuracy: 0.7577226421294775
Kendall: 0.515445284258955
