Accuracy: 0.7428524482418666
Kendall: 0.48570489648373316
