Accuracy: 0.7409628655931646
Kendall: 0.48192573118632925
