Accuracy: 0.7546007229707525
Kendall: 0.5092014459415051
