Accuracy: 0.7316792638843247
Kendall: 0.4633585277686494
