Accuracy: 0.7541077883667433
Kendall: 0.5082155767334867
