Accuracy: 0.741373644429839
Kendall: 0.48274728885967794
