Accuracy: 0.7460565231679264
Kendall: 0.4921130463358528
