Accuracy: 0.7471245481432797
Kendall: 0.49424909628655933
