Accuracy: 0.7314327965823201
Kendall: 0.46286559316464015
