Accuracy: 0.7643772592836017
Kendall: 0.5287545185672035
