Accuracy: 0.736444298389747
Kendall: 0.4728885967794939
