Accuracy: 0.6607788366743346
Kendall: 0.3215576733486691
