Accuracy: 0.7511501807426881
Kendall: 0.5023003614853763
