Accuracy: 0.7410450213604995
Kendall: 0.48209004272099903
