Accuracy: 0.7439204732172199
Kendall: 0.4878409464344397
