Accuracy: 0.7440847847518895
Kendall: 0.48816956950377915
