Accuracy: 0.7414558001971738
Kendall: 0.48291160039434766
