Accuracy: 0.7497535326979954
Kendall: 0.4995070653959908
