Accuracy: 0.732665133092343
Kendall: 0.46533026618468615
