Accuracy: 0.7313506408149852
Kendall: 0.46270128162997043
