Accuracy: 0.756818928688794
Kendall: 0.5136378573775879
