Accuracy: 0.7608445612882024
Kendall: 0.5216891225764049
