Accuracy: 0.760515938218863
Kendall: 0.521031876437726
