Accuracy: 0.7582155767334867
Kendall: 0.5164311534669734
