Accuracy: 0.7375123233651002
Kendall: 0.47502464673020045
