Accuracy: 0.7454814327965823
Kendall: 0.49096286559316465
