Accuracy: 0.7529576076240552
Kendall: 0.5059152152481105
