Accuracy: 0.7491784423266513
Kendall: 0.49835688465330263
