Accuracy: 0.7342260926717056
Kendall: 0.4684521853434111
