Accuracy: 0.7670062438383175
Kendall: 0.5340124876766349
