Accuracy: 0.7472067039106145
Kendall: 0.49441340782122906
