Accuracy: 0.7371015445284259
Kendall: 0.47420308905685177
