Accuracy: 0.7307755504436412
Kendall: 0.4615511008872823
