Accuracy: 0.7310220177456458
Kendall: 0.46204403549129147
