Accuracy: 0.7456457443312521
Kendall: 0.4912914886625041
