Accuracy: 0.7362799868550772
Kendall: 0.47255997371015446
