Accuracy: 0.7312684850476503
Kendall: 0.4625369700953007
