Accuracy: 0.7669953295277634
Kendall: 0.5339906590555267
