Accuracy: 0.7763362740010379
Kendall: 0.5526725480020758
