Accuracy: 0.7624545926310327
Kendall: 0.5249091852620654
