Accuracy: 0.7795796574987026
Kendall: 0.5591593149974053
