Accuracy: 0.7749091852620654
Kendall: 0.5498183705241307
