Accuracy: 0.7612869745718733
Kendall: 0.5225739491437468
