Accuracy: 0.7615464452516866
Kendall: 0.5230928905033732
