Accuracy: 0.76141670991178
Kendall: 0.5228334198235599
