Accuracy: 0.7623248572911261
Kendall: 0.5246497145822522
