Accuracy: 0.7756875973015049
Kendall: 0.5513751946030099
