Accuracy: 0.7689413596263622
Kendall: 0.5378827192527245
