Accuracy: 0.7790607161390762
Kendall: 0.5581214322781526
