Accuracy: 0.7605085625324338
Kendall: 0.5210171250648676
