Accuracy: 0.7608977685521536
Kendall: 0.5217955371043073
