Accuracy: 0.779874213836478
Kendall: 0.559748427672956
