Accuracy: 0.7790214262871762
Kendall: 0.5580428525743524
