Accuracy: 0.7807270013857798
Kendall: 0.5614540027715595
