Accuracy: 0.7806204029421171
Kendall: 0.5612408058842341
