Accuracy: 0.7877624986675195
Kendall: 0.5755249973350389
