Accuracy: 0.7872295064492059
Kendall: 0.5744590128984117
