Accuracy: 0.7830721671463596
Kendall: 0.5661443342927194
