Accuracy: 0.7866965142308923
Kendall: 0.5733930284617844
