Accuracy: 0.7771026543012473
Kendall: 0.5542053086024944
