Accuracy: 0.7773158511885726
Kendall: 0.5546317023771453
