Accuracy: 0.7826457733717088
Kendall: 0.5652915467434175
