Accuracy: 0.7772092527449099
Kendall: 0.5544185054898199
