Accuracy: 0.7775290480758981
Kendall: 0.5550580961517961
