Accuracy: 0.7784884340688626
Kendall: 0.5569768681377252
