Accuracy: 0.785630529794265
Kendall: 0.57126105958853
