Accuracy: 0.7782752371815371
Kendall: 0.5565504743630743
